buildName=20968-master-Analytics-master
buildHash=d03cb1b9b8624fb81bca6a4c28653c8f40509b03
buildTimestamp=2019-05-09T00:45:16+0000
buildNumber=4.5.9.20968
jobName=Analytics-master
version=4.5.9.20968